0.01 0.0192194 2.4949e-08 9.13839e-05 1.78433e-05
1.00952 0.00459018 9.77178e-05 0.00182058 0.000710488
2.0167 0.00307165 0.000303926 0.00292134 0.00111042
3.00152 0.00286422 0.000604532 0.00396693 0.00149639
4.00107 0.0030357 0.00100822 0.00469369 0.0018444
5.01024 0.00346299 0.00151075 0.0052524 0.00219914
6.00794 0.00409488 0.00211551 0.00572752 0.00260131
7.00443 0.00490875 0.00284393 0.00619721 0.0030472
8.00551 0.00589557 0.00371148 0.00667972 0.00351659
9.00445 0.00705959 0.0047144 0.00720497 0.00400094
10.0045 0.00842711 0.00586118 0.00785569 0.00454451
11.0022 0.00998819 0.0071627 0.00862617 0.00515289
12.0118 0.0117816 0.00865313 0.00958281 0.00581099
13.0097 0.0138068 0.010307 0.0109704 0.00653472
14.0001 0.0160987 0.0121459 0.0129146 0.00737934
15.0051 0.0187415 0.0142394 0.0155124 0.00837752
16.0045 0.0217358 0.0165741 0.0187185 0.00953231
17.0169 0.0252013 0.019223 0.0229224 0.0109102
18.0033 0.0290543 0.0221062 0.0280544 0.0124942
19.0099 0.0335405 0.0253849 0.0341794 0.0143858
20.0065 0.0386135 0.0289917 0.0410976 0.0165661
21.009 0.0444453 0.0330093 0.0489484 0.0191059
22.0131 0.0511228 0.0374513 0.0584733 0.0220401
23.0018 0.0586248 0.0422631 0.0691797 0.0253498
24.011 0.0673475 0.0476545 0.082409 0.0291956
25.002 0.0770794 0.0534557 0.0978996 0.0334663
26.0083 0.0882716 0.059898 0.11717 0.0383226
27.0006 0.100725 0.0668279 0.140422 0.0436457
28.0041 0.114876 0.0744431 0.167678 0.0495526
29.0119 0.130783 0.0827123 0.200551 0.0559723
30.0107 0.148326 0.0915016 0.238223 0.0627601
31.0111 0.167753 0.100848 0.282066 0.0698364
32.0024 0.18887 0.11056 0.329959 0.0769786
33.003 0.212057 0.120701 0.378526 0.0841717
34.0012 0.236992 0.131023 0.43044 0.0911811
35.0058 0.263738 0.141474 0.495619 0.0979708
36.0053 0.291749 0.151816 0.583132 0.104364
37.0015 0.320738 0.161984 0.702819 0.110382
38.0059 0.350656 0.172062 0.893568 0.116116
39.0079 0.380719 0.181945 1.30592 0.121514
40.007 0.410358 0.19166 0.430864 0.126539
41.0048 0.439002 0.20128 1.66974 0.13112
42.0034 0.466117 0.210922 -0.0763979 0.134999
43.0083 0.491348 0.220684 0.872641 0.137735
44.0036 0.513967 0.230299 1.05844 0.138739
45.0074 0.534197 0.239765 0.0798346 0.137959
46.0024 0.551653 0.248852 0.758483 0.135639
47.0027 0.566768 0.257692 -21.6678 0.131969
48.0049 0.579795 0.266181 1.11783 0.127385
49.0076 0.591089 0.27416 0.921396 0.121457
50.0077 0.600922 0.281393 0.866566 0.113782
51.0075 0.60954 0.287577 0.554196 0.103905
52.0061 0.617232 0.292376 0.631138 0.0916199
53.0023 0.624481 0.295753 0.399884 0.0772158
54.0028 0.631822 0.298095 0.731686 0.0618276
55.0059 0.639271 0.299549 0.527867 0.0465506
56.0058 0.646155 0.299498 0.748313 0.0316348
57.0083 0.65159 0.297243 0.148212 0.016615
58.005 0.654788 0.29309 -1.2271 0.00165713
59.0088 0.65521 0.287747 -0.569316 -0.0127215
60.005 0.652506 0.28153 -0.415696 -0.0254543
61.0065 0.646877 0.274538 0.00455728 -0.0358284
62.0014 0.639402 0.267624 0.0313041 -0.0422884
63.0084 0.631228 0.261487 -0.144415 -0.0434035
64.0027 0.623337 0.256509 -2.16689 -0.0391757
65.0017 0.615212 0.252245 -0.190917 -0.0320258
66.0093 0.60543 0.248024 -0.147326 -0.0258576
67.0005 0.593103 0.243089 -1.30855 -0.022756
68.0078 0.577508 0.236866 -0.0889541 -0.0206588
69.0047 0.560035 0.230485 0.532024 -0.0178147
70.0028 0.543326 0.225266 -0.189069 -0.0149185
71.0007 0.530409 0.221518 0.0339314 -0.0131604
72.0074 0.52288 0.218813 0.0872805 -0.0125315
73.0057 0.521549 0.216591 0.250637 -0.0123049
74.0035 0.52659 0.21397 -0.205248 -0.0129612
75.0008 0.537262 0.210346 -0.161216 -0.0152221
76.0063 0.551163 0.20546 0.238558 -0.01875
77.0028 0.564064 0.199312 -1.22532 -0.0224376
78.0002 0.572212 0.193032 0.00935907 -0.0241883
79.0008 0.572615 0.186811 0.051774 -0.0218595
80.007 0.564602 0.181181 -0.279945 -0.0152633
81.002 0.551552 0.176641 0.174079 -0.00693482
82.0017 0.537492 0.172382 -0.124348 -0.000704846
83.0026 0.524213 0.168429 0.139334 0.000583443
84.0007 0.510738 0.164256 -0.0810525 -0.00272253
85.0069 0.494694 0.158565 -0.0399163 -0.00822727
86.0022 0.47604 0.153341 0.232789 -0.01389
87.007 0.456979 0.150102 -0.0747706 -0.018904
88.0047 0.440793 0.148117 -0.178829 -0.0230901
89.0003 0.428557 0.146696 -0.269582 -0.0269696
90.0046 0.419581 0.145248 -0.0555626 -0.0301259
91.0022 0.413229 0.143808 -0.731161 -0.0311555
92.005 0.409948 0.14303 -0.128781 -0.0292802
93.0029 0.410808 0.142928 0.0878531 -0.0246323
94.0054 0.415386 0.142776 -0.19154 -0.0174272
95.0091 0.421331 0.142008 -0.0853366 -0.00760667
96.0073 0.426273 0.141283 0.393079 0.00454456
97.0077 0.429948 0.141653 -0.015803 0.0181765
98.0026 0.433365 0.143071 3.70047 0.0314432
99.0075 0.437178 0.145142 0.0700833 0.0423951
100.008 0.440313 0.147342 0.558589 0.049311
101.001 0.440463 0.149057 0.277968 0.0516382
102.003 0.436203 0.150191 0.15308 0.0498777
103.002 0.428494 0.151469 0.569938 0.0448494
104.006 0.419686 0.153477 0.379176 0.0372353
105.002 0.412065 0.155936 0.367009 0.0279199
106.006 0.407052 0.158359 -2.68776 0.017603
107.001 0.405625 0.160277 0.529856 0.00742676
108.005 0.408283 0.161302 -0.167629 -0.00179947
109.003 0.41579 0.161162 3.05559 -0.00912932
110.009 0.429026 0.160045 -0.152213 -0.0141201
111.002 0.447547 0.158488 -0.11748 -0.0163403
